Date,Impressions,Likes,Engagements,Bookmarks,Shares,New follows,Unfollows,Replies,Reposts,Profile visits,Create Post,Video views,Media views
"Fri, Nov 7, 2025",24717,53,1297,2,7,0,0,3,1,15,0,0,0
"Thu, Nov 6, 2025",12333,42,164,1,0,0,0,7,0,10,0,0,0
"Wed, Nov 5, 2025",369,2,7,0,0,1,0,1,0,3,0,0,0
"Tue, Nov 4, 2025",430,0,10,0,0,0,1,1,0,7,0,0,0
"Mon, Nov 3, 2025",480,2,7,0,0,1,0,2,0,0,0,0,0
"Sun, Nov 2, 2025",7052,4,44,0,0,0,0,14,0,10,6,0,0
"Sat, Nov 1, 2025",1846,2,12,0,0,1,2,5,0,2,1,0,0
"Fri, Oct 31, 2025",1043,5,54,1,0,1,0,11,1,4,2,0,0
"Thu, Oct 30, 2025",4667,17,77,3,1,1,0,6,1,10,7,0,0
"Wed, Oct 29, 2025",13822,37,225,2,0,4,0,48,0,28,4,0,0
"Tue, Oct 28, 2025",14279,32,140,0,0,0,0,14,1,19,7,0,0
"Mon, Oct 27, 2025",8766,2,63,0,0,2,0,9,0,8,2,0,0
"Sun, Oct 26, 2025",9,0,0,0,0,0,0,0,0,0,0,0,0
"Sat, Oct 25, 2025",145,0,26,0,0,0,0,7,0,2,11,0,0
"Fri, Oct 24, 2025",2,0,1,0,0,0,0,0,0,0,1,0,0